TRIAL 1:
[ [ 73532, 76228 ],
  [ 18218, 18723, 18373, 19566 ],
  [ 6158, 6222, 6044, 6084, 6172, 6052, 6046, 7142 ],
  [ 2473,
    2101,
    2218,
    2316,
    2150,
    2382,
    2223,
    2298,
    2093,
    2185,
    2533,
    2989,
    2290,
    2449,
    2551,
    2189 ] ]

TRIAL 2:
[ [ 29458, 29006 ],
  [ 7209, 7477, 7563, 6983 ],
  [ 2415, 2420, 2667, 2265, 2434, 2540, 2366, 2381 ],
  [ 919,
    891,
    929,
    926,
    894,
    885,
    1089,
    867,
    897,
    839,
    841,
    896,
    883,
    1057,
    939,
    864 ] ]

